0 1
210
2 3
18 21
21 30
22 31
23 32
28 18
38 33
44 41
63 50
64 75
71 78
74 82
75 83
76 87
77 88
78 89
82 126
93 104
101 109
128 142
132 144
149 166
153 171
154 176
159 181
160 180
162 179
164 182
165 183
166 124
182 136
210 161
213 228
215 229
219 325
222 176
227 245
228 246
229 248
240 254
283 212
284 213
299 232
301 326
310 241
313 242
316 345
320 346
321 349
322 352
323 350
327 358
332 369
333 370
340 256
345 383
352 266
353 268
401 285
404 421
408 208
409 300
417 302
421 439
438 456
439 327
440 325
449 336
450 463
451 338
454 340
455 341
458 342
461 470
462 471
463 343
464 473
467 478
469 482
472 498
484 359
485 361
492 356
493 357
502 369
503 370
504 369
505 370
517 378
524 719
531 542
536 200
538 390
566 575
627 616
628 601
633 627
635 635
638 628
639 629
641 630
644 651
650 640
653 648
654 649
655 652
656 653
662 650
664 466
665 658
668 661
669 467
670 669
671 668
672 468
673 469
674 484
675 678
677 475
678 681
679 682
680 481
688 692
705 519
713 725
716 542
725 734
726 733
763 746
809 808
810 809
818 832
819 610
831 622
832 623
834 851
838 858
840 883
841 882
848 876
850 878
851 880
852 881
855 647
857 892
858 889
859 893
860 894
862 890
863 891
864 896
867 655
868 656
870 898
871 902
872 903
873 901
875 667
878 905
880 672
881 676
882 675
888 690
899 696
901 696
906 930
916 701
936 1254
937 945
938 716
948 950
1027 1056
1058 834
1060 1068
1061 1070
1064 811
1074 841
1079 843
1085 1124
1087 862
1094 1098
1100 1191
1103 1191
1104 850
1105 849
1109 855
1110 860
1111 860
1122 870
1123 871
1124 872
1131 895
1134 1140
1135 897
1141 1152
1142 1153
1144 1156
1153 1160
1154 1161
1156 911
1157 917
1158 916
1160 913
1161 914
1171 1197
1172 1198
1187 932
1189 1215
1199 938
1234 959
0 2
124
22 45
44 53
153 166
162 241
215 230
221 233
245 260
301 398
310 308
316 310
321 433
323 431
332 458
339 470
342 1200
377 1083
408 201
438 606
445 630
449 405
451 403
454 407
455 406
457 410
458 411
461 408
462 409
463 413
464 634
467 416
469 414
482 660
493 311
502 458
504 458
506 458
511 458
512 458
519 470
521 467
522 907
541 906
549 205
635 603
641 798
646 809
649 607
651 600
652 602
653 827
654 828
656 831
658 605
661 612
662 613
663 611
667 622
668 623
669 628
671 632
672 626
673 627
674 646
675 855
676 856
677 631
678 638
679 637
680 635
681 636
683 639
684 640
716 488
818 1053
819 774
824 1084
825 1083
837 797
838 1058
843 1094
847 1105
852 1108
855 817
857 1115
858 824
859 833
860 834
861 814
862 820
863 821
867 818
868 819
870 823
871 1119
872 1120
873 841
874 838
875 839
878 837
880 840
881 848
882 847
899 1171
909 870
915 463
963 340
1087 1089
1097 1066
1098 1067
1102 1083
1104 1064
1111 1063
1123 1088
1124 1082
1129 1103
1131 1114
1134 1099
1144 1127
1147 1123
1153 1124
1156 1122
1157 1132
1160 849
1161 850
1 2
158
7 14
21 37
22 58
31 45
33 21
41 53
42 57
89 117
124 173
154 210
169 235
170 236
171 166
176 240
179 241
180 242
197 331
204 193
208 201
209 204
225 298
226 226
229 230
241 308
243 309
244 315
247 238
256 255
260 262
261 263
263 331
264 332
285 353
289 382
326 398
334 401
335 402
336 405
338 403
340 407
341 406
342 411
343 413
345 310
349 433
350 431
357 311
367 320
369 458
371 458
372 460
373 458
377 470
416 538
438 576
450 1142
456 606
460 608
461 600
462 607
467 628
468 626
469 627
471 409
473 634
475 631
478 416
479 869
481 635
484 646
491 615
498 655
501 852
504 660
528 1200
534 893
542 488
610 774
616 1071
626 799
627 803
630 798
635 603
640 808
641 600
644 811
645 810
646 605
647 817
648 827
649 828
650 613
651 1125
652 830
653 831
655 818
656 819
660 622
661 623
666 838
667 839
668 632
669 851
671 625
672 840
675 847
676 848
678 855
679 853
680 854
681 638
682 637
698 1179
734 906
832 1053
847 1067
850 1064
853 1061
857 797
858 1058
860 1063
862 1089
871 1088
872 1082
873 1094
874 1095
881 1108
884 1107
886 1104
889 824
890 820
891 821
892 1115
894 834
895 1114
896 1111
898 823
901 841
902 1119
903 1120
904 1116
905 837
907 1123
911 1122
912 1126
913 849
914 850
917 1132
930 857
931 1142
945 1192
1053 1007
1140 1099
1157 1123
1160 1124
1193 1139
1212 1133
1227 741
0 3
46
135 484
153 166
221 230
310 435
313 439
449 599
451 430
454 606
455 605
462 610
486 637
652 585
653 812
654 813
656 818
661 594
662 596
667 811
668 810
671 831
676 845
677 607
678 837
679 836
723 664
835 1084
838 1082
845 787
858 1113
863 803
867 800
868 801
873 1137
874 1127
875 1128
878 1122
880 821
881 828
882 827
1074 1094
1098 1089
1109 1084
1110 1088
1111 1088
1147 1139
1155 1135
1 3
40
124 173
241 435
242 439
336 599
338 430
341 605
343 438
471 610
478 616
626 775
639 787
640 788
648 812
649 813
652 817
653 818
655 800
656 801
660 811
661 810
667 1128
668 831
669 834
670 835
672 821
675 827
676 828
681 837
682 836
841 1094
852 1084
855 1084
858 1082
860 1088
889 1113
896 1116
904 1124
905 1122
911 1136
933 864
2 3
74
23 20
46 20
64 82
70 56
166 166
173 173
193 146
233 230
259 138
269 195
276 376
308 435
351 365
403 430
405 599
407 606
409 610
413 438
590 575
591 576
602 585
612 594
613 596
619 546
622 811
629 826
631 607
632 831
634 612
637 836
638 837
653 621
654 622
674 253
799 775
802 532
808 788
818 800
819 801
820 802
821 803
824 1113
825 1114
827 812
828 813
830 817
831 818
837 1122
839 1128
840 821
841 1137
847 827
848 828
851 834
856 845
866 602
887 887
896 1199
898 659
955 672
1057 1081
1058 1082
1063 1088
1067 1089
1082 1096
1094 1105
1095 1106
1105 1111
1111 1116
1112 1117
1116 1124
1122 1136
1173 1175
1229 906
3 4
44
41 34
144 66
180 91
182 127
195 98
315 192
316 193
322 267
325 206
336 165
432 356
438 390
463 217
474 427
528 329
566 518
597 266
618 280
633 571
645 297
646 294
650 424
651 582
652 583
659 303
665 130
728 323
734 323
764 329
765 341
776 718
786 494
794 351
814 981
875 568
876 417
889 429
890 430
1060 632
1074 656
1081 702
1184 577
1186 578
1199 1059
0 5
123
8 7
17 7
18 11
31 22
44 21
73 55
74 53
75 54
115 124
128 103
143 83
150 118
159 125
184 139
205 116
215 150
222 156
256 183
301 342
310 356
313 231
316 236
319 360
320 361
321 235
322 237
342 134
352 283
372 455
439 338
440 339
449 349
450 350
451 351
452 352
454 354
455 355
457 357
463 358
467 554
472 362
515 590
516 841
518 265
541 431
557 444
564 453
565 453
628 743
630 507
633 523
635 525
639 753
644 530
651 537
655 760
656 761
661 544
670 775
671 549
672 780
673 781
675 785
677 789
678 790
679 791
691 560
704 589
706 852
708 409
710 1038
713 607
717 610
791 685
818 719
821 731
824 513
825 822
831 527
832 528
835 751
838 1013
840 529
847 1025
848 1026
849 890
851 1031
857 1033
858 767
864 1046
865 1047
867 771
870 1058
871 1053
873 1056
877 782
880 786
891 797
926 849
927 850
942 859
943 860
945 606
948 865
952 609
953 868
1023 659
1029 919
1090 1004
1109 751
1126 1039
1138 1052
1151 1044
1157 1065
1158 1066
1160 1072
1161 1073
1201 843
1208 1126
1225 1133
1227 866
1230 1136
1232 1140
1 5
38
41 21
240 229
242 231
325 339
326 342
335 346
340 354
341 355
349 235
352 237
478 554
489 361
614 712
627 523
635 525
651 530
653 761
655 771
668 549
669 775
678 785
681 790
691 372
725 607
832 719
855 751
858 1013
876 1026
883 529
892 1033
896 1046
901 1056
910 1064
912 1067
913 1072
938 844
1107 712
1179 1123
2 5
32
64 24
282 441
308 356
309 238
398 342
402 346
404 350
405 349
407 354
433 235
491 620
593 847
631 789
632 549
637 791
638 790
818 771
831 761
840 786
841 1056
849 1072
851 775
867 1122
868 1123
1083 822
1084 513
1094 1023
1111 1046
1115 1033
1117 786
1126 1067
1127 1059
3 5
20
430 351
435 356
439 231
574 100
599 349
605 355
609 551
615 555
616 554
652 255
800 771
818 761
824 781
832 794
834 775
836 791
837 790
847 783
1127 1060
1203 875
5 6
22
55 97
116 174
172 191
225 509
287 247
348 426
387 303
420 324
422 327
423 326
513 721
543 576
607 624
609 466
659 666
701 753
726 760
857 613
865 921
872 937
877 633
1001 835
0 7
172
21 21
31 43
41 68
44 40
74 69
75 70
76 73
78 103
105 126
132 120
134 83
150 177
153 180
154 134
162 190
213 253
215 175
227 271
246 206
250 208
259 156
301 256
310 260
313 265
316 267
319 539
320 272
321 274
322 277
337 159
353 214
438 485
449 354
450 357
451 359
454 360
455 361
458 363
461 364
462 365
463 367
464 512
467 369
492 391
493 392
495 394
497 395
500 393
525 408
581 480
590 447
627 479
630 647
635 484
638 658
641 659
644 495
646 489
649 490
650 493
651 494
653 680
654 681
656 683
661 498
662 499
663 503
667 504
669 507
670 506
671 509
672 510
673 511
674 524
675 517
677 519
678 525
679 526
680 529
681 530
683 533
684 534
691 544
706 405
712 573
713 570
715 775
720 579
722 584
725 588
726 589
735 621
753 640
818 642
831 654
832 655
837 661
838 907
840 669
841 670
843 671
844 672
848 926
850 674
851 677
852 678
853 934
856 687
857 688
858 690
859 691
860 692
862 949
863 950
864 693
867 698
868 699
870 701
871 702
873 704
874 706
875 707
876 708
877 709
878 711
880 714
881 717
882 718
888 733
915 1040
916 753
922 560
937 1064
938 762
942 766
943 767
948 768
952 772
961 784
974 633
978 898
1027 814
1060 836
1061 837
1071 724
1079 884
1085 893
1087 900
1098 894
1104 896
1105 897
1124 930
1129 937
1130 938
1131 941
1133 946
1134 947
1135 948
1137 956
1138 955
1141 955
1151 986
1156 976
1157 975
1160 722
1161 723
1166 1001
1171 1007
1172 1008
1200 558
1213 1069
1227 1078
1 7
229
7 8
11 13
18 12
19 13
21 26
23 32
30 21
41 40
42 25
49 49
51 37
60 71
77 96
78 94
81 72
82 69
83 70
87 73
89 103
96 76
111 90
113 129
124 136
128 143
139 118
155 249
169 177
170 178
171 180
176 134
179 190
180 189
186 77
187 197
191 201
195 206
218 239
219 170
228 253
229 175
240 263
241 260
242 265
243 269
244 268
245 271
246 192
247 198
266 210
267 322
268 214
315 168
326 256
334 258
335 259
336 354
338 359
340 360
341 361
342 363
343 367
345 267
346 272
349 274
352 277
356 391
357 392
370 289
372 294
384 307
428 224
444 476
446 250
447 473
455 502
456 485
460 352
461 494
462 490
463 357
464 503
466 362
467 507
468 510
469 511
470 364
471 365
473 512
475 519
476 520
481 529
484 524
488 539
489 272
500 379
512 557
545 319
616 479
622 654
623 655
628 658
630 659
635 484
640 493
641 494
642 671
643 672
644 675
645 676
646 497
647 685
648 680
649 681
650 499
651 495
652 682
653 683
655 698
656 699
658 700
660 504
661 505
666 706
667 707
668 509
669 506
671 513
672 714
675 718
676 717
677 516
678 517
680 522
681 525
682 526
684 518
690 733
698 544
699 750
701 753
725 570
733 589
734 588
755 652
756 653
777 684
780 944
801 715
803 716
808 631
814 987
815 988
828 998
831 645
832 642
836 644
843 884
847 894
849 897
850 896
851 898
854 656
855 904
857 661
858 907
862 900
872 930
873 671
874 672
875 925
876 926
878 674
881 678
882 670
883 669
884 934
889 690
890 949
891 950
892 688
894 692
895 941
896 693
897 948
898 701
901 704
902 702
904 708
905 711
911 976
912 973
913 722
914 723
917 975
918 985
924 1024
929 1031
930 1033
938 754
939 1047
945 1064
954 574
961 783
1007 908
1044 933
1056 814
1062 968
1068 836
1069 821
1070 837
1072 827
1073 828
1084 852
1085 983
1087 989
1104 645
1124 893
1140 947
1145 931
1160 972
1163 979
1175 982
1197 1007
1198 1008
1236 1058
1242 1061
1271 1077
1279 780
1283 1090
2 7
113
53 40
118 104
167 130
233 181
236 178
241 190
242 189
308 260
309 269
310 267
401 258
402 259
403 359
404 357
405 354
406 361
407 360
408 364
409 365
411 363
413 367
414 370
415 371
416 369
426 270
433 274
459 295
460 294
463 1040
469 309
600 494
602 496
603 484
605 497
606 485
607 490
608 352
611 503
612 498
613 499
616 357
622 504
623 505
625 513
626 510
627 511
628 507
629 508
631 519
632 509
634 512
635 529
636 530
637 526
638 525
639 533
640 534
646 524
797 661
798 659
808 493
809 489
810 676
811 675
815 686
818 698
819 699
820 949
821 950
822 674
824 690
827 680
828 681
830 682
831 683
833 691
834 692
837 711
838 706
839 707
840 714
841 704
847 718
848 717
849 722
850 723
852 747
854 522
857 1033
882 541
1058 907
1060 898
1064 896
1067 894
1082 930
1087 668
1089 900
1094 671
1099 947
1103 937
1107 934
1108 678
1109 674
1114 941
1115 688
1119 702
1122 976
1124 972
1126 973
1131 974
1132 975
1180 1029
1233 1072
5 7
42
1 2
22 43
80 94
136 221
174 221
229 263
231 265
236 267
237 277
255 287
270 408
342 256
346 259
355 361
360 539
361 272
418 775
507 647
513 647
527 654
529 669
530 495
548 507
549 509
570 388
607 570
609 772
618 588
619 589
719 642
782 709
791 526
852 405
860 767
865 768
866 1078
877 785
1033 688
1053 702
1056 704
1058 701
1099 895
0 8
17
76 89
310 336
319 510
321 243
322 244
377 1116
449 480
584 612
641 1017
644 491
646 706
831 1007
832 1008
868 1072
979 1017
1123 1043
1200 554
1 8
25
87 89
241 336
322 844
335 234
336 480
349 243
352 244
464 485
622 1007
623 1008
629 1016
630 1017
636 1017
639 710
656 1072
669 726
676 1089
844 147
871 1043
892 1058
902 1073
905 741
1007 1157
1072 938
1073 939
7 8
139
20 21
34 28
40 83
43 55
61 36
73 89
77 39
93 120
94 77
95 78
105 59
134 126
135 172
136 173
137 134
168 121
177 237
178 238
188 169
189 170
190 239
194 245
200 181
206 195
237 218
259 234
260 336
263 337
268 348
274 243
277 244
310 193
348 473
353 470
354 480
367 492
391 364
406 268
443 421
447 432
462 449
464 654
480 509
483 525
485 707
486 703
489 706
493 713
495 491
504 731
505 732
506 726
512 744
523 760
524 761
525 752
534 501
536 1109
539 510
541 517
543 524
546 251
547 387
557 555
558 554
563 370
566 373
570 561
574 562
577 277
614 631
620 708
625 651
626 654
630 725
633 739
634 738
637 754
639 758
641 759
648 773
654 1007
655 1008
658 1015
659 1017
668 1042
670 1077
682 1056
683 1057
688 1058
694 539
698 1071
699 1072
702 1073
707 734
708 737
711 741
712 542
713 543
715 544
716 545
717 1089
718 1094
725 802
726 803
740 1232
745 787
760 798
809 1027
811 922
818 1052
823 1067
826 937
827 938
828 939
842 1081
848 945
851 948
852 949
855 743
895 1041
908 1157
914 1168
919 785
928 1175
938 1055
940 791
942 1063
944 794
954 795
968 1192
988 1210
1007 1142
1013 824
1021 1163
1032 840
1039 843
1076 820
1077 821
0 9
115
18 22
75 75
147 152
153 110
161 164
162 165
175 119
215 146
301 234
310 240
313 246
314 245
315 499
316 249
321 350
438 327
449 337
450 338
451 340
454 342
455 343
456 485
458 346
461 347
462 348
463 351
464 507
467 354
469 357
492 375
493 376
550 428
555 783
557 783
635 467
638 479
644 607
653 629
654 630
655 632
656 633
661 492
662 493
665 498
667 500
669 502
671 504
673 506
674 494
675 662
676 663
677 509
683 513
806 783
822 595
831 474
832 475
834 783
837 609
838 610
843 618
844 619
850 622
851 624
852 625
853 627
855 634
856 637
857 638
858 639
859 641
860 642
861 640
862 644
863 645
864 646
867 647
868 648
870 651
871 822
873 653
874 654
875 655
876 656
878 657
880 658
881 659
882 660
888 666
905 852
906 689
909 535
915 691
938 705
1079 767
1087 772
1104 777
1105 779
1122 616
1124 807
1129 811
1130 812
1131 816
1134 818
1135 819
1141 1018
1144 1020
1147 1026
1153 828
1155 832
1156 833
1157 831
1158 830
1160 835
1161 836
1 9
151
21 22
22 21
41 35
83 75
166 150
175 158
176 155
178 157
179 165
197 192
229 146
240 243
241 240
242 246
243 251
244 242
245 353
247 172
326 234
330 333
331 334
334 336
336 337
337 331
338 340
340 342
341 343
342 346
343 351
345 249
349 350
356 375
357 376
371 379
373 379
376 387
380 405
456 327
460 483
461 486
463 338
464 496
466 344
467 502
469 506
470 347
471 348
473 507
475 509
476 510
478 354
479 485
483 358
484 494
490 363
501 369
622 474
623 475
628 479
635 467
640 484
642 618
643 619
646 491
647 634
648 629
649 630
650 493
651 607
652 632
653 633
655 647
656 648
660 500
661 501
666 654
667 655
668 504
671 508
672 658
675 660
676 659
678 662
679 664
680 665
690 666
698 673
699 535
716 705
841 597
843 767
847 776
849 779
850 777
851 783
854 602
857 609
858 610
862 772
870 616
872 807
873 618
874 619
875 808
878 622
881 625
884 627
889 639
890 644
891 645
892 638
894 642
895 816
896 646
897 819
901 653
902 822
904 656
905 657
907 1026
911 833
912 827
913 835
914 836
916 830
917 831
930 689
959 896
1115 763
1121 775
1122 787
1126 909
1132 992
1133 993
1136 1004
1137 998
1140 818
1144 1007
1147 1011
1148 1010
1152 1018
1156 1020
1157 1026
1160 828
1162 1028
1164 1042
1184 1058
1219 1091
1220 1104
1223 1119
1241 888
2 9
108
58 21
163 75
166 110
241 165
308 240
309 251
310 249
311 376
331 192
398 234
401 336
403 340
404 338
405 337
406 343
407 342
408 347
409 348
411 346
413 351
414 357
415 358
416 354
424 335
426 349
433 350
436 424
442 356
462 413
463 691
544 287
603 467
606 327
608 483
612 492
613 493
616 338
622 500
623 501
625 508
627 506
628 502
629 503
631 509
632 504
634 507
639 513
640 514
646 494
781 574
797 609
798 608
808 484
814 640
817 634
818 647
819 648
820 644
821 645
822 622
824 639
827 629
828 630
830 632
831 633
833 641
834 642
837 657
838 654
839 655
840 658
841 653
847 660
848 659
849 835
850 836
853 664
854 665
856 663
857 689
868 1121
882 667
1053 589
1058 610
1060 783
1064 777
1067 776
1079 602
1082 807
1089 772
1094 618
1095 619
1099 818
1103 811
1108 625
1109 622
1114 816
1115 638
1116 656
1117 825
1119 822
1122 833
1123 1026
1124 828
1125 607
1126 827
1132 831
1179 673
3 9
17
339 548
401 413
435 240
599 337
722 413
800 647
801 648
817 632
826 503
828 659
989 413
995 310
1082 610
1092 826
1106 619
1122 657
1199 537
5 9
20
229 243
231 246
235 350
236 249
342 234
349 337
350 338
444 783
519 461
527 474
530 607
549 504
761 633
872 896
913 918
1037 641
1056 653
1065 831
1066 830
1099 963
7 9
124
26 22
61 613
70 75
84 982
134 155
190 165
256 234
258 336
260 240
263 243
265 246
267 249
268 242
269 251
270 349
274 350
292 379
352 483
354 337
357 338
359 340
360 342
361 343
362 344
363 346
364 347
365 348
367 351
369 354
370 357
371 358
386 361
401 379
482 465
484 467
485 327
492 334
493 484
495 607
496 488
498 492
499 493
504 500
505 501
507 502
508 503
509 504
511 506
512 507
517 662
519 509
520 510
524 494
533 513
541 667
544 673
647 1068
654 474
655 475
656 602
658 479
661 609
671 618
672 619
674 622
677 624
678 625
680 629
681 630
682 632
683 633
685 634
687 637
688 638
690 639
691 641
692 642
693 646
698 647
699 648
701 651
702 822
704 653
706 654
707 655
708 656
711 657
714 658
717 659
718 660
720 664
722 835
723 836
733 666
884 767
894 776
895 963
896 777
897 779
898 783
900 772
904 785
907 610
925 808
930 807
934 627
937 811
938 812
941 816
946 817
947 818
948 819
949 644
950 645
955 1018
965 1022
966 1023
972 828
973 827
975 831
976 833
990 1051
1040 691
1067 278
8 9
28
34 982
36 613
243 350
336 240
337 243
350 349
351 495
480 337
482 340
483 343
485 496
492 351
498 511
501 514
508 495
713 484
741 657
744 507
765 666
823 845
1007 474
1008 475
1072 648
1073 822
1089 659
1094 660
1153 1064
1194 320
0 10
65
31 22
115 85
227 193
310 185
314 189
321 306
322 197
437 359
438 276
449 287
451 290
454 293
455 294
463 297
467 302
492 312
493 313
633 402
646 417
656 590
669 429
670 430
673 428
678 621
710 457
725 682
726 683
770 473
831 545
838 558
843 571
844 572
845 570
851 578
852 579
857 591
860 597
863 801
867 592
868 594
871 606
873 607
874 608
875 609
880 613
888 625
891 830
906 627
912 641
915 644
916 647
922 649
928 655
937 866
938 664
964 463
1070 533
1074 537
1085 769
1141 1042
1142 1043
1156 1052
1158 822
1200 856
1234 880
1 10
82
142 135
241 185
243 194
245 193
336 287
337 280
338 290
340 293
341 294
343 297
349 306
356 312
357 313
372 320
388 669
456 276
461 284
464 422
466 292
467 429
469 428
478 302
622 545
641 569
642 571
643 572
644 575
645 576
651 566
652 589
653 590
655 592
656 594
660 425
666 608
667 609
668 612
669 430
672 613
681 621
690 625
716 664
720 644
841 537
845 544
858 558
871 568
872 791
873 571
874 572
880 578
881 579
884 580
886 583
889 798
891 801
892 591
894 597
895 595
896 804
897 803
901 607
902 606
904 611
905 610
911 1052
916 822
945 866
959 880
1121 777
1122 785
1123 786
1132 1030
1137 1031
1143 229
1148 1037
1152 1042
1153 1043
1164 1056
1179 229
1242 1102
1303 703
2 10
54
308 185
309 194
311 313
403 290
406 294
407 293
413 297
416 302
433 306
460 320
463 644
622 425
627 428
628 429
638 621
757 1059
809 417
810 576
811 575
818 592
819 594
821 801
830 589
831 590
834 597
837 610
838 608
839 609
840 613
841 607
851 430
855 619
867 228
868 229
897 229
903 669
1058 558
1068 703
1082 791
1088 568
1089 773
1094 571
1095 572
1099 1033
1104 583
1107 580
1108 579
1111 804
1115 591
1116 611
1119 606
1122 1052
1125 566
1224 669
7 10
59
84 892
260 185
263 186
274 306
345 178
359 290
360 293
361 294
362 292
367 297
369 302
371 305
391 312
489 417
491 414
492 415
496 419
504 425
506 430
507 429
511 428
525 621
558 856
654 545
671 571
672 572
675 575
677 578
678 579
682 589
683 590
685 582
688 591
692 597
698 592
699 594
701 603
702 606
704 607
706 608
708 611
709 614
711 610
721 620
733 625
893 769
900 773
907 558
934 580
941 595
942 596
948 803
950 801
965 814
974 822
1040 644
1061 1102
1064 866
1089 880
8 10
19
34 892
243 306
337 186
397 703
482 290
483 294
557 649
726 430
749 619
796 391
1004 703
1007 545
1008 546
1057 590
1071 592
1072 594
1073 606
1228 1059
1267 994
9 10
147
6 6
35 20
122 98
127 463
134 102
135 103
150 119
164 123
186 98
187 218
190 138
194 140
201 153
202 154
221 115
240 185
242 188
243 186
245 189
251 194
261 209
267 138
272 235
273 236
274 237
275 241
276 238
278 245
280 359
285 247
286 248
298 366
299 247
303 247
327 276
331 280
334 415
336 285
337 287
340 290
342 293
343 294
344 292
350 306
351 297
352 434
353 193
354 302
358 305
361 298
362 299
365 301
370 307
371 308
375 312
376 313
380 320
381 317
383 320
407 330
408 339
410 340
420 463
434 362
436 483
446 365
460 398
474 545
483 418
488 419
496 422
498 424
500 425
502 429
504 612
506 428
533 440
534 441
546 337
557 463
580 483
597 537
607 566
609 557
610 558
618 571
619 572
621 569
624 578
625 579
627 580
631 561
632 589
633 590
638 591
642 597
645 801
647 592
648 594
651 603
653 607
654 608
655 609
656 611
657 610
658 613
666 625
689 627
691 644
705 664
707 682
757 696
762 981
767 538
772 773
775 777
776 553
787 785
807 791
814 796
815 797
816 595
818 1033
819 803
822 606
833 1052
861 846
864 849
892 879
897 1118
950 970
982 892
992 1030
998 1031
1010 1037
1012 1043
1013 1038
1014 1039
1018 1042
1019 1043
1022 814
1042 1056
1044 1057
1048 1048
1112 1093
1121 229
1152 463
